A = [0.7,0.3; 0.6,0.4];
A^4;

B = [0.2,0.8; 0.4,0.6];
B^2